TOTAL = 1, MISS. =-888888.,
SYNOP = 0, METAR =      0, SHIP  =      0, BUOY  =      0, BOGUS =      0, TEMP  =      1,
AMDAR =      0, AIREP =      0, TAMDAR=      0, PILOT =      0, SATEM =      0, SATOB =      0,
GPSPW =      0, GPSZD =      0, GPSRF =      0, GPSEP =      0, SSMT1 =      0, SSMT2 =      0,
TOVS  =      0, QSCAT =      0, PROFL =      0, AIRSR =      0, OTHER =      0,
PHIC  =  40.00, XLONC = -95.00, TRUE1 =  30.00, TRUE2 =  60.00, XIM11 =   1.00, XJM11 =   1.00,
base_temp= 290.00, base_lapse=  50.00, PTOP  =  5000., base_pres=100000., base_tropo_pres= 20000., base_strat_temp=   215.,
IXC   =     60, JXC   =     90, IPROJ =      1, IDD   =      1, MAXNES=      1,
NESTIX=     60,
NESTJX=     90,
NUMC  =      1,
DIS   =  60.00,
NESTI =      1,
NESTJ =      1,
INFO  = PLATFORM, DATE, NAME, LEVELS, LATITUDE, LONGITUDE, ELEVATION, ID.
SRFC  = SLP, PW (DATA,QC,ERROR).
EACH  = PRES, SPEED, DIR, HEIGHT, TEMP, DEW PT, HUMID (DATA,QC,ERROR)*LEVELS.
INFO_FMT = (A12,1X,A19,1X,A40,1X,I6,3(F12.3,11X),6X,A40)
SRFC_FMT = (F12.3,I4,F7.2,F12.3,I4,F7.3)
EACH_FMT = (3(F12.3,I4,F7.2),11X,3(F12.3,I4,F7.2),11X,3(F12.3,I4,F7.2))
#------------------------------------------------------------------------------#
FM-35 TEMP   2024-01-18_22:50:00 XXX                                           1      47.573                  9.047               1234.000                 XXX                                     
 -888888.000 -88  99.99 -888888.000 -88 99.990
     960.000   0   1.10       0.600   0   1.20     312.200   0   3.00                437.900   0 100.00     271.800   0   1.30 -888888.000 -88   1.40                 94.200   0   2.00
     950.000   0   1.10       2.100   0   1.20      23.900   0   3.00                520.600   0 100.00     271.300   0   1.30 -888888.000 -88   1.40                 90.100   0   2.00
     940.000   0   1.10       3.800   0   1.20      17.000   0   3.00                604.500   0 100.00     270.900   0   1.30 -888888.000 -88   1.40                 89.100   0   2.00
     930.000   0   1.10       5.100   0   1.20      19.900   0   3.00                687.900   0 100.00     270.300   0   1.30 -888888.000 -88   1.40                 88.800   0   2.00
     920.000   0   1.10       5.700   0   1.20      25.100   0   3.00                772.300   0 100.00     269.700   0   1.30 -888888.000 -88   1.40                 88.900   0   2.00
     910.000   0   1.10       6.300   0   1.20      31.500   0   3.00                859.800   0 100.00     269.100   0   1.30 -888888.000 -88   1.40                 89.500   0   2.00
     900.000   0   1.10       6.800   0   1.20      31.700   0   3.00                946.300   0 100.00     268.400   0   1.30 -888888.000 -88   1.40                 90.500   0   2.00
     890.000   0   1.10       6.900   0   1.20      37.400   0   3.00               1033.600   0 100.00     267.700   0   1.30 -888888.000 -88   1.40                 91.100   0   2.00
     880.000   0   1.10       6.100   0   1.20      43.100   0   3.00               1123.300   0 100.00     267.200   0   1.30 -888888.000 -88   1.40                 90.000   0   2.00
     870.000   0   1.10       5.200   0   1.20      51.100   0   3.00               1212.600   0 100.00     266.700   0   1.30 -888888.000 -88   1.40                 89.600   0   2.00
     860.000   0   1.10       4.000   0   1.20      61.400   0   3.00               1304.100   0 100.00     266.200   0   1.30 -888888.000 -88   1.40                 89.200   0   2.00
     850.000   0   1.10       3.400   0   1.20      78.400   0   3.00               1395.300   0 100.00     265.700   0   1.30 -888888.000 -88   1.40                 88.800   0   2.00
     840.000   0   1.10       2.900   0   1.20      94.900   0   3.00               1487.500   0 100.00     265.200   0   1.30 -888888.000 -88   1.40                 88.700   0   2.00
     830.000   0   1.10       3.200   0   1.20      94.000   0   3.00               1580.300   0 100.00     264.800   0   1.30 -888888.000 -88   1.40                 88.500   0   2.00
     820.000   0   1.10       3.600   0   1.20      81.300   0   3.00               1673.200   0 100.00     264.400   0   1.30 -888888.000 -88   1.40                 88.200   0   2.00
     810.000   0   1.10       3.000   0   1.20      73.300   0   3.00               1769.200   0 100.00     264.100   0   1.30 -888888.000 -88   1.40                 87.500   0   2.00
     800.000   0   1.10       2.200   0   1.20      49.300   0   3.00               1865.600   0 100.00     263.600   0   1.30 -888888.000 -88   1.40                 87.000   0   2.00
     790.000   0   1.10       1.500   0   1.20       0.700   0   3.00               1962.600   0 100.00     263.200   0   1.30 -888888.000 -88   1.40                 86.500   0   2.00
     780.000   0   1.10       0.300   0   1.20     311.800   0   3.00               2061.400   0 100.00     262.800   0   1.30 -888888.000 -88   1.40                 85.700   0   2.00
     770.000   0   1.10       0.500   0   1.20     265.600   0   3.00               2160.700   0 100.00     262.400   0   1.30 -888888.000 -88   1.40                 85.300   0   2.00
     760.000   0   1.10       0.900   0   1.20     223.200   0   3.00               2261.600   0 100.00     262.000   0   1.30 -888888.000 -88   1.40                 85.200   0   2.00
     750.000   0   1.10       3.200   0   1.20     250.300   0   3.00               2362.700   0 100.00     261.700   0   1.30 -888888.000 -88   1.40                 84.800   0   2.00
     740.000   0   1.10       5.600   0   1.20     254.100   0   3.00               2465.400   0 100.00     261.500   0   1.30 -888888.000 -88   1.40                 84.700   0   2.00
     730.000   0   1.10       6.300   0   1.20     256.300   0   3.00               2570.600   0 100.00     261.100   0   1.30 -888888.000 -88   1.40                 85.000   0   2.00
     715.000   0   1.10       7.700   0   1.20     262.200   0   3.00               2728.900   0 100.00     260.800   0   1.30 -888888.000 -88   1.40                 85.400   0   2.00
     700.000   0   1.10      13.500   0   1.20     268.400   0   3.00               2894.000   0 100.00     261.300   0   1.30 -888888.000 -88   1.40                 84.900   0   2.00